<?xml version="1.0" encoding="UTF-8" standalone="no" ?>
<SimscapeMultibodyImportXML version="2.0" xmlns="urn:mathworks:SimscapeMultibody:import" xmlns:xsi="http://www.w3.org/2001/XMLSchema-instance">
<Created by="" on="05/20/23||14:27:00" using="Simscape Multibody Link Version 7.0" from="SolidWorks 28.1.0"/>
<ModelUnits mass="kilogram" length="millimeter"/>
<DataUnits mass="kilogram" length="meter"/>
<RootAssembly name="assembly" uid="assembly" version="202">
<AssemblyFile name="assembly.SLDASM" type="SolidWorks Assembly"/>
<InstanceTree>
<Instance name="link 1-1" uid="link 1-1" entityUid="link 1*:*Default">
<Transform>
<Rotation>0.88470668011114728 -3.2550964602565236e-15 0.46614814186770287 -0.46614814186770293 -2.6863898308317796e-15 0.88470668011114717 -1.62754995482057e-15 -0.99999999999999989 -3.8940241952682436e-15</Rotation>
<Translation>-0.04423533400555775 0.023307407093384809 0.14500000000000018</Translation>
</Transform>
</Instance>
<Instance name="link 3-1" uid="link 3-1" entityUid="link 3*:*Default">
<Transform>
<Rotation>0.87976593255157809 -0.093369233449455649 0.4661481418677042 -0.46354488324413201 0.049195847232234365 0.88470668011114673 -0.10553693732450402 -0.9944153834591275 9.6138688323072087e-15</Rotation>
<Translation>0.082602901537313048 -0.043523113287290305 0.21610115650105549</Translation>
</Transform>
</Instance>
<Instance name="link 2-1" uid="link 2-1" entityUid="link 2*:*Default">
<Transform>
<Rotation>0.33562000179674462 0.81857505717404733 0.46614814186743075 -0.17683673439748407 -0.43130367438046713 0.88470668011129072 0.92525022764741149 -0.37935737272183495 -6.2258531663417216e-13</Rotation>
<Translation>-0.012411819178258173 0.0065397341030762057 0.22749914573210303</Translation>
</Transform>
</Instance>
<Instance name="base-1" uid="base-1" grounded="true" entityUid="base*:*Default">
<Transform>
<Rotation>1 0 0 0 1 0 0 0 1</Rotation>
<Translation>0 0 0</Translation>
</Transform>
</Instance>
<Instance name="link 4-1" uid="link 4-1" entityUid="link 4*:*Default">
<Transform>
<Rotation>0.52841279848525502 -0.70956735003117954 0.46614814186770148 -0.27841842917029141 0.37386798266909432 0.88470668011114784 -0.80203683998637409 -0.5972745660955866 5.6031881558488291e-15</Rotation>
<Translation>0.11564328693613479 -0.060896583173371849 0.16597385400190592</Translation>
</Transform>
</Instance>
</InstanceTree>
<Constraints>
<Concentric name="Concentric17">
<ConstraintGeometry geomType="cylinder">
<InstancePath>
<Uid>base-1</Uid>
</InstancePath>
<Position>0 -1.9203147363637234e-16 0.055</Position>
<Axis>0 3.4914813388431334e-15 -1</Axis>
</ConstraintGeometry>
<ConstraintGeometry geomType="cylinder">
<InstancePath>
<Uid>link 1-1</Uid>
</InstancePath>
<Position>0.050000000000000024 0.089999999999999997 6.2712014550095014e-16</Position>
<Axis>0 0.99999999999999989 6.9829626776862636e-15</Axis>
</ConstraintGeometry>
</Concentric>
<Coincident name="Coincident17">
<ConstraintGeometry geomType="plane">
<InstancePath>
<Uid>base-1</Uid>
</InstancePath>
<Position>0 -1.5711666024794099e-16 0.044999999999999998</Position>
<Axis>0 -3.4914813388431334e-15 1</Axis>
</ConstraintGeometry>
<ConstraintGeometry geomType="plane">
<InstancePath>
<Uid>link 1-1</Uid>
</InstancePath>
<Position>0.050000000000000017 0.099999999999999978 6.9982425929516335e-16</Position>
<Axis>0 0.99999999999999989 6.9829626776862636e-15</Axis>
</ConstraintGeometry>
</Coincident>
<Concentric name="Concentric18">
<ConstraintGeometry geomType="cylinder">
<InstancePath>
<Uid>link 1-1</Uid>
</InstancePath>
<Position>0 0 -0.0024999999999999988</Position>
<Axis>0 6.9829626776862683e-15 -1</Axis>
</ConstraintGeometry>
<ConstraintGeometry geomType="cylinder">
<InstancePath>
<Uid>link 2-1</Uid>
</InstancePath>
<Position>-0.089978102007893246 -0.0019852352640383347 0.028500000000062749</Position>
<Axis>-6.9634546109484578e-13 -4.7956882665969785e-14 -1</Axis>
</ConstraintGeometry>
</Concentric>
<Coincident name="Coincident18">
<ConstraintGeometry geomType="plane">
<InstancePath>
<Uid>link 1-1</Uid>
</InstancePath>
<Position>-0.019266227741065442 0.052906166640850155 -0.011499999999999629</Position>
<Axis>0 -6.9829626776862683e-15 1</Axis>
</ConstraintGeometry>
<ConstraintGeometry geomType="plane">
<InstancePath>
<Uid>link 2-1</Uid>
</InstancePath>
<Position>-0.089978102007921126 -0.001985235264040236 -0.011499999999937251</Position>
<Axis>-6.9634546109484578e-13 -4.7956882665969785e-14 -1</Axis>
</ConstraintGeometry>
</Coincident>
<Concentric name="Concentric19">
<ConstraintGeometry geomType="cylinder">
<InstancePath>
<Uid>link 2-1</Uid>
</InstancePath>
<Position>1.9872992140790302e-14 1.3600232051658168e-15 0.028500000000000004</Position>
<Axis>-6.9634546109484578e-13 -4.7956882665969785e-14 -1</Axis>
</ConstraintGeometry>
<ConstraintGeometry geomType="cylinder">
<InstancePath>
<Uid>link 3-1</Uid>
</InstancePath>
<Position>-0.10800000000000001 -6.3837823915946501e-16 0.015000000000000006</Position>
<Axis>0 -6.9900695891989185e-15 -1.0000000000000002</Axis>
</ConstraintGeometry>
</Concentric>
<Coincident name="Coincident21">
<ConstraintGeometry geomType="plane">
<InstancePath>
<Uid>link 2-1</Uid>
</InstancePath>
<Position>5.5788706987414116e-15 4.0245584642661925e-16 0.0080000000000000002</Position>
<Axis>6.9634546109484578e-13 4.7956882665969785e-14 1</Axis>
</ConstraintGeometry>
<ConstraintGeometry geomType="plane">
<InstancePath>
<Uid>link 3-1</Uid>
</InstancePath>
<Position>-0.10800000000000001 -6.6613381477509392e-16 0.0080000000000000123</Position>
<Axis>0 -6.9900695891989185e-15 -1.0000000000000002</Axis>
</ConstraintGeometry>
</Coincident>
<Concentric name="Concentric20">
<ConstraintGeometry geomType="cylinder">
<InstancePath>
<Uid>link 3-1</Uid>
</InstancePath>
<Position>0 1.3877787807814457e-16 0.018000000000000013</Position>
<Axis>0 -6.9900695891989185e-15 -1.0000000000000002</Axis>
</ConstraintGeometry>
<ConstraintGeometry geomType="cylinder">
<InstancePath>
<Uid>link 4-1</Uid>
</InstancePath>
<Position>-0.062500000000000069 0 -0.014999999999999781</Position>
<Axis>3.5251374897970004e-15 0 0.99999999999999978</Axis>
</ConstraintGeometry>
</Concentric>
<Coincident name="Coincident22">
<ConstraintGeometry geomType="plane">
<InstancePath>
<Uid>link 3-1</Uid>
</InstancePath>
<Position>-0.10800000000000001 -7.7715611723760958e-16 -0.006000000000000001</Position>
<Axis>0 6.9900695891989185e-15 1.0000000000000002</Axis>
</ConstraintGeometry>
<ConstraintGeometry geomType="plane">
<InstancePath>
<Uid>link 4-1</Uid>
</InstancePath>
<Position>-0.067000000000000018 -0.0059999999999999776 -0.0060312893953318649</Position>
<Axis>-3.525137489797e-15 0 -0.99999999999999978</Axis>
</ConstraintGeometry>
</Coincident>
</Constraints>
</RootAssembly>
<Assemblies>
</Assemblies>
<Parts>
<Part name="base" uid="base*:*Default" version="284">
<ModelUnits mass="kilogram" length="millimeter"/>
<PartFile name="base.SLDPRT" type="SolidWorks Part"/>
<MassProperties>
<Mass>0.45127899491723372</Mass>
<CenterOfMass>0.0226523215568212 -0.00030570340088881303 0.019892456147505368</CenterOfMass>
<Inertia>0.00035903379625323704 0.0007881729153232282 0.00099635642660406793 6.7359710854375194e-07 4.2918796356587592e-05 1.0087796319101453e-05</Inertia>
</MassProperties>
<GeometryFile name="base_Default_sldprt.STEP" type="STEP"/>
<VisualProperties>
<Ambient r="0.90980392156862744" g="0.44313725490196076" b="0.031372549019607843" a="1"/>
<Diffuse r="0.90980392156862744" g="0.44313725490196076" b="0.031372549019607843" a="1"/>
<Specular r="0.45490196078431372" g="0.22156862745098038" b="0.015686274509803921" a="1"/>
<Emissive r="0" g="0" b="0" a="1"/>
<Shininess>0.40000000596046448</Shininess>
</VisualProperties>
</Part>
<Part name="link 1" uid="link 1*:*Default" version="294">
<ModelUnits mass="kilogram" length="millimeter"/>
<PartFile name="link 1.SLDPRT" type="SolidWorks Part"/>
<MassProperties>
<Mass>0.29989904917563892</Mass>
<CenterOfMass>0.030180633223886904 0.049417778115825067 5.6414681720614201e-07</CenterOfMass>
<Inertia>0.00046491033592469867 0.00028239225357455937 0.00058438822100635691 -1.4306139949538553e-09 -6.3914634129115981e-10 -0.00019293975040023451</Inertia>
</MassProperties>
<GeometryFile name="link 1_Default_sldprt.STEP" type="STEP"/>
<VisualProperties>
<Ambient r="1" g="1" b="0.50196078431372548" a="1"/>
<Diffuse r="1" g="1" b="0.50196078431372548" a="1"/>
<Specular r="0.5" g="0.5" b="0.25098039215686274" a="1"/>
<Emissive r="0" g="0" b="0" a="1"/>
<Shininess>0.40000000596046448</Shininess>
</VisualProperties>
</Part>
<Part name="link 2" uid="link 2*:*Default" version="378">
<ModelUnits mass="kilogram" length="millimeter"/>
<PartFile name="link 2.SLDPRT" type="SolidWorks Part"/>
<MassProperties>
<Mass>0.11006396743101743</Mass>
<CenterOfMass>-0.049344599044230171 -0.001088902596132217 1.682963100645562e-10</CenterOfMass>
<Inertia>2.1883277304627852e-05 0.00010674914736384479 0.00010766675238383844 1.5895694328245743e-11 -1.056794489984318e-12 -1.8735062315893117e-06</Inertia>
</MassProperties>
<GeometryFile name="link 2_Default_sldprt.STEP" type="STEP"/>
<VisualProperties>
<Ambient r="1" g="0.50196078431372548" b="0.50196078431372548" a="1"/>
<Diffuse r="1" g="0.50196078431372548" b="0.50196078431372548" a="1"/>
<Specular r="0.5" g="0.25098039215686274" b="0.25098039215686274" a="1"/>
<Emissive r="0" g="0" b="0" a="1"/>
<Shininess>0.40000000596046448</Shininess>
</VisualProperties>
</Part>
<Part name="link 3" uid="link 3*:*Default" version="548">
<ModelUnits mass="kilogram" length="millimeter"/>
<PartFile name="link 3.SLDPRT" type="SolidWorks Part"/>
<MassProperties>
<Mass>0.055235243708882477</Mass>
<CenterOfMass>-0.058397069111452524 -8.8022935822244637e-11 3.0571005129459171e-11</CenterOfMass>
<Inertia>7.2414219215198563e-06 6.7372430886930768e-05 6.3742900802549876e-05 6.2658671320332822e-11 6.6342364159192082e-14 -1.6090010534722996e-13</Inertia>
</MassProperties>
<GeometryFile name="link 3_Default_sldprt.STEP" type="STEP"/>
<VisualProperties>
<Ambient r="0.50196078431372548" g="1" b="0.50196078431372548" a="1"/>
<Diffuse r="0.50196078431372548" g="1" b="0.50196078431372548" a="1"/>
<Specular r="0.25098039215686274" g="0.5" b="0.25098039215686274" a="1"/>
<Emissive r="0" g="0" b="0" a="1"/>
<Shininess>0.40000000596046448</Shininess>
</VisualProperties>
</Part>
<Part name="link 4" uid="link 4*:*Default" version="555">
<ModelUnits mass="kilogram" length="millimeter"/>
<PartFile name="link 4.SLDPRT" type="SolidWorks Part"/>
<MassProperties>
<Mass>0.012615620141849726</Mass>
<CenterOfMass>-0.040539132618291042 0 0</CenterOfMass>
<Inertia>6.5519102287236572e-07 2.2097439373582469e-06 2.2119733021349096e-06 0 0 0</Inertia>
</MassProperties>
<GeometryFile name="link 4_Default_sldprt.STEP" type="STEP"/>
<VisualProperties>
<Ambient r="1" g="1" b="0.75294117647058822" a="1"/>
<Diffuse r="1" g="1" b="0.75294117647058822" a="1"/>
<Specular r="0.5" g="0.5" b="0.37647058823529411" a="1"/>
<Emissive r="0" g="0" b="0" a="1"/>
<Shininess>0.40000000596046448</Shininess>
</VisualProperties>
</Part>
</Parts>
</SimscapeMultibodyImportXML>
